		total PDF_2007 -> no CF	total PDF_2007 -> no CF	total PDF_2007 -> no CF	total PDF_2007 -> no CF	total PDF_2007 -> no CF	total PDF_2007 -> no CF	total PDF_2007 -> no CF	total PDF_2007 -> no CF	total PDF_2007 -> no CF	CF -> multiply with extension in exiobase	CF -> multiply with extension in exiobase	CF -> multiply with extension in exiobase	CF -> multiply with extension in exiobase	CF -> multiply with extension in exiobase
Name	Row Labels	Cereals nec	Other crops	Fodder crops	Oil bearing crops	Paddy rice	Fibres	Sugar crops	 Vegetables, fruit, nuts	Wheat	Intensive forestry	Other (average)	Pasture	Urban	Extensive forestry
South Africa	ZA	1.58E-04	1.30E-06	3.31E-05	3.66E-05	3.32E-08	4.00E-07	1.48E-05	2.56E-05	4.53E-05	5.72E-15	3.42E-15	5.93E-15	3.63E-15	3.12E-15
RoW Africa	WF	1.04E-03	2.26E-04	4.78E-06	3.05E-04	3.97E-04	2.86E-05	3.96E-05	1.20E-03	9.48E-05	7.71E-16	1.16E-15	1.11E-15	2.02E-15	2.17E-16
Australia	AU	1.54E-04	7.57E-08	1.81E-05	2.30E-05	5.51E-07	9.61E-07	1.25E-05	3.68E-05	2.28E-04	1.54E-15	9.62E-16	1.67E-15	1.06E-15	9.75E-16
China	CN	4.03E-04	3.41E-05	2.49E-05	2.53E-04	3.30E-04	2.88E-05	2.32E-05	4.98E-04	3.12E-04	1.37E-15	8.11E-16	1.22E-15	8.49E-16	7.38E-16
Taiwan	TW	9.31E-07	3.00E-06	3.00E-06	1.23E-06	1.58E-05	1.87E-08	3.00E-06	0.00E+00	1.60E-09	1.81E-14	1.84E-14	1.67E-14	2.76E-14	6.07E-15
Austria	AT	1.05E-05	7.85E-10	4.92E-06	2.10E-06	3.26E-06	4.36E-09	7.90E-07	2.52E-06	5.27E-06	1.98E-15	1.14E-15	1.81E-15	1.25E-15	9.48E-16
Belgium	BE	1.12E-06	1.02E-06	3.20E-06	1.82E-07	1.13E-06	2.53E-08	7.28E-07	1.14E-06	1.62E-06	4.92E-16	2.75E-16	5.17E-16	3.17E-16	1.72E-16
Bulgaria	BG	4.36E-06	9.33E-07	1.49E-06	7.28E-06	1.10E-07	2.31E-09	1.31E-08	1.93E-06	1.30E-05	1.04E-15	5.59E-16	1.10E-15	6.49E-16	2.97E-16
Czech Republic	CZ	4.45E-06	3.89E-08	2.04E-06	2.96E-06	1.89E-06	4.05E-09	3.37E-07	5.45E-07	4.72E-06	4.96E-16	2.82E-16	5.29E-16	3.26E-16	1.79E-16
Germany	DE	1.94E-05	8.75E-08	6.68E-05	9.14E-06	1.69E-05	1.69E-05	2.60E-06	3.31E-06	1.66E-05	4.76E-16	2.68E-16	5.03E-16	3.08E-16	1.72E-16
Denmark	DK	3.35E-06	8.08E-11	3.90E-06	7.36E-07	1.64E-06	1.64E-06	1.97E-07	2.80E-07	2.98E-06	4.03E-16	2.30E-16	4.43E-16	2.79E-16	1.37E-16
Estonia	EE	5.26E-07	4.46E-07	1.53E-06	2.22E-07	4.46E-07	2.33E-09	4.46E-07	7.64E-08	3.18E-07	2.58E-16	1.32E-16	2.70E-16	1.50E-16	6.38E-17
Spain	ES	2.16E-04	5.55E-07	2.44E-05	1.58E-04	4.06E-06	1.68E-06	3.19E-06	1.24E-04	1.00E-04	4.37E-15	2.87E-15	5.68E-15	3.60E-15	1.43E-15
Finland	FI	3.46E-07	9.70E-08	9.70E-08	3.17E-08	9.70E-08	9.70E-08	6.01E-09	2.13E-08	8.02E-08	1.69E-16	6.40E-17	3.44E-17	8.90E-17	3.96E-17
France	FR	5.18E-05	6.39E-07	3.65E-05	2.69E-05	2.10E-07	1.06E-06	6.36E-06	1.75E-05	6.51E-05	1.16E-15	6.94E-16	1.34E-15	7.95E-16	3.89E-16
Greece	GR	2.62E-05	8.34E-07	2.18E-05	3.04E-05	1.63E-06	8.16E-06	8.89E-07	2.26E-05	4.07E-05	4.81E-15	3.09E-15	6.11E-15	3.54E-15	1.82E-15
Croatia	HR	7.88E-06	1.90E-07	5.23E-06	1.83E-06	3.27E-06	3.27E-06	9.40E-07	2.16E-06	4.65E-06	1.81E-15	1.13E-15	2.15E-15	1.33E-15	6.22E-16
Hungary	HU	9.65E-06	3.32E-08	4.25E-06	4.99E-06	2.05E-08	3.52E-09	3.28E-07	1.49E-06	8.31E-06	5.22E-16	2.92E-16	5.51E-16	3.39E-16	1.69E-16
Ireland	IE	5.27E-07	2.43E-09	1.40E-07	2.12E-08	1.40E-07	1.40E-07	0.00E+00	7.46E-08	2.17E-07	2.62E-16	1.36E-16	2.44E-16	1.44E-16	1.41E-16
Italy	IT	7.46E-05	1.67E-06	9.18E-05	5.53E-05	1.20E-05	1.33E-08	4.67E-06	8.24E-05	1.05E-04	4.20E-15	2.69E-15	5.15E-15	3.18E-15	1.55E-15
Lithuania	LT	2.10E-06	7.77E-07	1.15E-06	4.76E-07	7.77E-07	7.46E-10	7.11E-08	3.69E-07	1.28E-06	3.27E-16	1.75E-16	3.49E-16	2.04E-16	9.53E-17
Luxembourg	LU	1.07E-07	1.39E-07	4.33E-07	3.91E-08	1.39E-07	1.39E-07	1.39E-07	2.08E-08	9.31E-08	4.36E-16	2.44E-16	4.63E-16	2.76E-16	1.59E-16
Latvia	LV	7.88E-07	7.30E-07	3.31E-06	2.83E-07	7.30E-07	1.00E-09	6.28E-10	1.34E-07	5.92E-07	2.62E-16	1.34E-16	2.74E-16	1.53E-16	6.49E-17
Malta	MT	1.55E-08	7.30E-08	1.29E-08	6.36E-11	7.30E-08	7.30E-08	7.30E-08	2.75E-07	6.13E-08	5.21E-15	3.34E-15	6.37E-15	3.92E-15	1.94E-15
Netherlands	NL	4.36E-07	5.70E-10	3.46E-06	3.17E-08	8.31E-07	6.81E-08	5.04E-07	1.48E-06	6.67E-07	5.03E-16	2.80E-16	5.27E-16	3.26E-16	1.74E-16
Poland	PL	4.19E-05	2.26E-07	8.02E-06	5.99E-06	1.00E-05	2.02E-08	1.98E-06	7.83E-06	1.44E-05	5.90E-16	3.45E-16	6.37E-16	4.11E-16	2.15E-16
Portugal	PT	9.50E-06	6.02E-08	2.57E-05	1.41E-05	1.08E-06	9.84E-06	1.78E-07	2.37E-05	4.34E-06	4.08E-15	2.65E-15	5.28E-15	3.22E-15	1.36E-15
Romania	RO	3.49E-05	7.99E-07	4.87E-05	1.33E-05	2.52E-07	7.01E-08	7.72E-07	1.00E-05	2.54E-05	1.10E-15	6.57E-16	1.15E-15	7.79E-16	4.16E-16
Sweden	SE	6.34E-07	2.44E-07	2.44E-07	1.03E-07	2.44E-07	2.44E-07	4.24E-08	8.70E-08	3.54E-07	1.88E-16	8.26E-17	1.03E-16	1.04E-16	4.76E-17
Slovenia	SI	9.28E-07	1.64E-08	4.23E-07	6.91E-08	3.13E-07	3.13E-07	0.00E+00	3.33E-07	4.22E-07	1.48E-15	8.68E-16	1.52E-15	9.76E-16	5.76E-16
Slovakia	SK	6.37E-06	9.92E-09	2.87E-06	4.00E-06	2.56E-06	8.02E-10	3.65E-07	9.85E-07	5.85E-06	1.36E-15	8.29E-16	1.43E-15	9.87E-16	5.42E-16
United Kingdom	GB	2.88E-06	8.14E-08	3.25E-07	1.76E-06	1.43E-06	2.47E-08	3.22E-07	1.34E-06	4.72E-06	3.08E-16	1.61E-16	2.89E-16	1.80E-16	1.46E-16
Switzerland	CH	1.20E-06	8.12E-09	8.84E-07	4.63E-07	7.78E-07	7.78E-07	3.88E-07	9.07E-07	1.60E-06	1.95E-15	1.12E-15	1.78E-15	1.22E-15	9.38E-16
Norway	NO	1.19E-07	3.94E-08	9.72E-09	3.55E-09	3.94E-08	3.94E-08	3.94E-08	1.49E-08	4.98E-08	9.98E-17	4.92E-17	5.53E-17	5.49E-17	4.75E-17
RoW Europe	WE	9.00E-05	6.79E-07	4.09E-05	4.17E-05	3.84E-07	4.60E-07	1.01E-05	3.83E-05	6.70E-05	2.03E-16	4.53E-16	2.60E-16	7.64E-16	1.11E-16
India	IN	1.22E-03	1.27E-04	3.79E-04	8.35E-04	1.48E-03	1.50E-04	1.58E-04	1.35E-03	8.57E-04	3.54E-15	2.16E-15	3.21E-15	2.33E-15	1.50E-15
Brazil	BR	5.76E-04	1.14E-04	2.87E-04	8.30E-04	1.14E-04	2.65E-05	2.49E-04	3.17E-04	7.25E-05	4.12E-15	2.59E-15	3.58E-15	2.49E-15	2.38E-15
RoW America	WL	8.45E-04	3.96E-04	1.01E-04	4.56E-04	3.07E-04	2.22E-05	3.29E-04	1.12E-03	9.39E-05	2.49E-15	2.96E-15	2.79E-15	4.82E-15	7.98E-16
Cyprus	CY	5.63E-07	2.43E-08	1.11E-06	2.94E-07	6.36E-07	6.36E-07	6.36E-07	1.74E-06	8.27E-08	7.90E-15	4.60E-15	8.63E-15	4.85E-15	2.54E-15
Turkey	TR	1.65E-04	1.15E-05	1.74E-05	3.15E-05	4.07E-06	8.61E-06	1.07E-05	1.25E-04	2.96E-04	3.35E-15	2.05E-15	3.95E-15	2.39E-15	1.34E-15
RoW Middle East	WM	7.76E-05	4.14E-06	2.20E-05	1.80E-05	8.91E-06	2.23E-06	4.85E-06	7.58E-05	1.69E-04	5.83E-16	3.05E-16	5.06E-16	3.20E-16	3.36E-16
United states	US	3.00E-04	1.05E-06	1.88E-04	2.13E-04	8.31E-06	1.30E-05	6.25E-06	2.82E-05	1.31E-04	8.77E-16	4.72E-16	7.30E-16	5.10E-16	3.78E-16
Canada	CA	6.51E-06	1.71E-08	4.43E-07	6.82E-06	2.87E-06	3.05E-08	1.34E-08	2.03E-06	7.13E-06	1.50E-16	7.88E-17	9.49E-17	9.13E-17	8.11E-17
Mexico	MX	7.16E-04	4.16E-05	1.11E-04	3.96E-05	4.03E-06	3.35E-06	4.22E-05	2.45E-04	4.53E-05	8.25E-15	4.75E-15	6.98E-15	5.08E-15	4.01E-15
Japan	JP	3.21E-06	2.30E-06	1.84E-05	5.55E-06	5.73E-05	1.52E-05	3.34E-06	2.37E-05	8.23E-06	3.62E-15	1.93E-15	3.34E-15	2.24E-15	7.78E-16
South korea	KR	9.00E-07	2.17E-07	1.04E-07	1.89E-06	1.18E-05	2.79E-10	2.75E-06	7.00E-06	2.88E-08	1.31E-15	7.38E-16	1.24E-15	8.64E-16	3.93E-16
Indonesia	ID	4.68E-04	5.26E-04	5.00E-04	7.15E-04	1.31E-03	3.80E-08	4.35E-05	4.38E-04	5.00E-04	1.30E-14	8.13E-15	1.10E-14	8.03E-15	6.38E-15
RoW Asia and Pacific	WA	1.16E-03	5.64E-04	4.87E-05	1.51E-03	3.24E-03	7.16E-05	1.63E-04	1.35E-03	2.31E-04	7.55E-16	9.85E-16	7.94E-16	1.64E-15	2.76E-16
Russian Federation	RU	1.66E-05	3.06E-09	4.76E-06	5.11E-06	1.95E-07	6.18E-08	1.31E-06	5.50E-06	2.36E-05	1.78E-16	8.08E-17	9.04E-17	8.68E-17	7.55E-17